555555555555555555555555555555555
555555555555555555555555555555555
5555555555555557@0095555555555555
55555555555555560008!555555555555
555555555555555700095555555555555
222222222222222232422222222222222
111111111111111222221111111111111
111111111111111122211111111111111
111111111111111122211111111111111
111111111111111111111111111111111
111111111111111111111111111111111
111111111111111111111111111111111
111111111111111111111111111111111
111S11111111111111111111111111111
111111111111111111111111111111111
111111111111111111111111111111111
111111111111111111111111111111111
11C111111111111111111111111111111
222222222222221111111111111111111
222222222222221111111111111111111
222222222222221111111111111111111
111111111111111111111111111111111
111111111111111111111111111111111
111111111111111111111111111111111
111111111111111111111111111111111
111111111111111111111111111111111
111111111111111111111111111111111
111111111111111111111111111111111
111111111111111111111111111111111
111111111111111111111111111111111
111111111111111111111111111111111
111111111111111111111111111111111
111111111111111111111111111111111